"country" "lat" "lon" "alt" "Prec_1962to70_mean" "Prec_1962to70_sd" "Prec_2010to18_mean" "Prec_2010to18_sd"
"ALBANIA" 40.6 20.76 900 883.636352539062 122.651916503906 852.659790039062 147.456970214844
"ALBANIA" 41.3 19.8 89 1387.0703125 171.917297363281 1335.16125488281 218.153244018555
"ALBANIA" 42.033 20.416 358 1072.62707519531 111.441291809082 1031.8271484375 174.336486816406
"ALGERIA" 35.25 1.43 1127 487.759643554688 83.6172409057617 473.885009765625 85.6080017089844
"ALGERIA" 35.26 6.34 1100 382.235809326172 90.6647338867188 357.303253173828 65.4932479858398
"ALGERIA" 35.385 -0.655 170 535.560119628906 127.252662658691 446.773315429688 69.5271072387695
"ALGERIA" 35.483 8.133 813 419.330932617188 98.552848815918 406.679412841797 69.7608337402344
"ALGERIA" 35.55 6.35 827 378.684722900391 76.9683456420898 360.698608398438 65.795783996582
"ALGERIA" 35.7 -0.65 60 458.924835205078 103.595138549805 389.555206298828 64.3480529785156
"ALGERIA" 35.77 6.41 912 354.784576416016 65.0546112060547 340.710113525391 63.7292556762695
"ALGERIA" 35.855 1.11 160 491.472320556641 94.0074234008789 478.779876708984 89.3723220825195
"ALGERIA" 35.91 2.71 910 479.9677734375 60.9148330688477 464.85546875 79.683479309082
"ALGERIA" 36.18 5.42 1086 440.250671386719 71.2474212646484 415.530303955078 77.5544738769531
"ALGERIA" 36.185 2.835 1129 726.671447753906 89.0231857299805 706.478820800781 117.827087402344
"ALGERIA" 36.28 7.96 680 690.375671386719 94.1964569091797 672.248779296875 93.2913208007812
"ALGERIA" 36.465 7.465 227 583.509643554688 82.7751312255859 563.957763671875 72.7072296142578
"ALGERIA" 36.833 7.816 4 795.413391113281 108.877395629883 783.002075195312 79.3017349243164
"ALGERIA" 36.91 7.67 830 1004.82098388672 130.484252929688 992.645324707031 103.355857849121
"AUSTRIA" 46.5 14.5 2044 1732.67810058594 200.658950805664 1747.81335449219 240.316680908203
"AUSTRIA" 46.65 14.33 476 997.616149902344 110.660835266113 1019.90295410156 132.438766479492
"AUSTRIA" 47 15.43 347 930.210632324219 92.9845199584961 929.085388183594 124.695671081543
"AUSTRIA" 47.1 13 3107 1562.40234375 212.177032470703 1652.94763183594 161.654449462891
"AUSTRIA" 47.27 11.35 593 1057.35412597656 157.837249755859 1045.78479003906 78.5330352783203
"AUSTRIA" 47.7 13.6 490 1560.83874511719 251.90901184082 1641.61865234375 172.284637451172
"AUSTRIA" 47.8 13 446 1239.97619628906 199.864639282227 1266.8232421875 122.626327514648
"AUSTRIA" 47.81 13.73 1621 1538.28308105469 262.326568603516 1617.52075195312 169.61669921875
"AUSTRIA" 48.1 14.1 382 982.0341796875 158.946243286133 1016.23699951172 110.673248291016
"BELARUS" 52.12 23.68 146 611.060607910156 87.369987487793 613.215270996094 92.6947555541992
"BELARUS" 52.12 23.69 141 611.060607910156 87.369987487793 613.215270996094 92.6947555541992
"BELARUS" 52.12 26.13 146 592.013793945312 73.7752151489258 599.188049316406 87.5485153198242
"BELARUS" 52.25 29.83 141 662.46337890625 88.768669128418 644.625732421875 91.8048477172852
"BELARUS" 52.4 30.95 126 624.993225097656 82.6588821411133 607.030090332031 85.4639358520508
"BELARUS" 52.45 31 139 626.543273925781 82.8984146118164 610.921813964844 85.4039688110352
"BELARUS" 53.1 25.33 132 674.484497070312 81.0009536743164 692.927368164062 100.421661376953
"BELARUS" 53.1 26 194 650.130187988281 68.406135559082 663.837646484375 96.5101776123047
"BELARUS" 53.11 29.25 165 656.102233886719 76.3912811279297 664.464965820312 93.5384750366211
"BELARUS" 53.53 28.12 175 642.307067871094 67.5442886352539 644.526672363281 85.6380996704102
"BELARUS" 53.6 24.05 134 599.555480957031 79.5516967773438 637.884887695312 92.0402450561523
"BELARUS" 53.68 23.83 117 585.786682128906 78.0890045166016 629.050659179688 89.2573623657227
"BELARUS" 53.87 27.53 223 672.19580078125 69.2010269165039 689.287048339844 95.2868118286133
"BELARUS" 53.9 30.32 152 615.224548339844 76.9199142456055 646.062194824219 94.1553192138672
"BELARUS" 53.933 27.633 231 674.041870117188 69.5047149658203 689.593078613281 95.4005813598633
"BELARUS" 53.95 30.066 192 624.423461914062 75.3136138916016 655.340148925781 92.2548751831055
"BELARUS" 54.3 30.98 200 631.193969726562 79.1270370483398 666.841369628906 95.3866806030273
"BELARUS" 54.5 26.9 169 650.940856933594 66.3971481323242 678.474609375 99.1332931518555
"BELARUS" 54.9 28.7 174 685.846252441406 78.5364761352539 730.893798828125 107.384773254395
"BELARUS" 55.166 30.216 176 627.164001464844 81.3870315551758 692.957092285156 100.635391235352
"BELARUS" 55.17 30.13 166 631.508178710938 81.1884460449219 697.93115234375 102.005928039551
"BELARUS" 55.36 27.46 131 628.697631835938 75.3950271606445 672.070739746094 98.9213104248047
"BELARUS" 55.82 27.95 117 620.372741699219 76.0871200561523 670.907043457031 97.0888061523438
"BELGIUM" 49.98 4.35 318 899.351318359375 153.170745849609 893.160949707031 60.5514030456543
"BELGIUM" 50.63 3.78 32 767.016052246094 111.800582885742 783.732849121094 59.1664581298828
"BELGIUM" 50.8 4.35 104 822.922424316406 130.044219970703 816.924011230469 51.7835960388184
"BOSNIA AND HERZEGOVINA" 43.4 17.8 99 1151.62780761719 86.6621780395508 1136.91979980469 241.815490722656
"BOSNIA AND HERZEGOVINA" 43.8 17 730 1162.26013183594 97.6566925048828 1141.52661132812 250.985427856445
"BOSNIA AND HERZEGOVINA" 43.866 18.433 638 1166.00952148438 81.8386077880859 1145.00427246094 253.147583007812
"BOSNIA AND HERZEGOVINA" 43.9 18.4 637 1149.15576171875 80.2986679077148 1128.05285644531 249.592620849609
"BOSNIA AND HERZEGOVINA" 44.6 18.7 305 969.802917480469 78.6677551269531 956.327453613281 208.986434936523
"BOSNIA AND HERZEGOVINA" 44.82 15.88 250 1419.3154296875 148.92790222168 1391.71203613281 267.850982666016
"BULGARIA" 41.516 23.266 207 502.655212402344 48.9609184265137 534.140991210938 96.0161972045898
"BULGARIA" 42.13 24.75 185 523.806884765625 63.34814453125 587.477111816406 101.112426757812
"BULGARIA" 42.2 24.8 160 514.270202636719 62.9255867004395 577.033142089844 100.208702087402
"BULGARIA" 42.2 25 150 545.696472167969 70.1991577148438 612.473876953125 106.168258666992
"BULGARIA" 42.65 23.38 595 628.611572265625 62.5415992736816 682.405334472656 117.789039611816
"BULGARIA" 42.65 23.383 595 628.611572265625 62.5415992736816 682.405334472656 117.789039611816
"BULGARIA" 42.7 23.3 564 632.2412109375 62.8085021972656 681.50830078125 116.990913391113
"BULGARIA" 43.2 23.5 360 667.173889160156 79.1311492919922 715.64306640625 116.343795776367
"BULGARIA" 43.2 27.916 43 539.268615722656 84.2203750610352 576.813659667969 92.0482559204102
"BULGARIA" 43.3 26.9 198 612.511657714844 92.1647033691406 665.652893066406 107.24715423584
"BULGARIA" 43.4 24.6 75 584.270629882812 84.3359832763672 652.470458984375 105.204116821289
"BULGARIA" 43.816 23.25 33 601.700805664062 80.5085144042969 623.314453125 97.6606292724609
"CROATIA" 42.57 18.27 165 1376.96142578125 120.255172729492 1342.876953125 283.147338867188
"CROATIA" 44.1 15.35 82 937.166625976562 103.414215087891 914.931091308594 195.197860717773
"CROATIA" 44.9 13.9 63 819.799255371094 81.4659957885742 800.561340332031 147.288635253906
"CROATIA" 45.166 14.7 4 1224.96508789062 109.513336181641 1240.68872070312 219.796752929688
"CROATIA" 45.466 18.816 89 711.875549316406 65.7921981811523 703.510864257812 152.729431152344
"CROATIA" 45.816 15.983 162 996.734375 97.3256072998047 952.157043457031 167.49348449707
"CZECH REPUBLIC" 49.15 16.7 241 530.629089355469 59.2147598266602 519.771301269531 88.067138671875
"CZECH REPUBLIC" 49.2 16.7 242 547.690185546875 60.8250350952148 533.763366699219 91.2294998168945
"CZECH REPUBLIC" 49.683 18.116 251 780.234497070312 97.7298583984375 744.794311523438 127.858528137207
"CZECH REPUBLIC" 49.8 18.3 253 776.104919433594 100.714088439941 739.99267578125 124.924446105957
"CZECH REPUBLIC" 49.92 12.72 541 646.640808105469 113.236457824707 636.95947265625 85.651725769043
"CZECH REPUBLIC" 50.083 12.4 474 591.859497070312 101.806373596191 579.671813964844 78.8192367553711
"CZECH REPUBLIC" 50.1 12.4 471 590.507080078125 101.387351989746 578.145202636719 79.9888610839844
"CZECH REPUBLIC" 50.1 14.3 380 531.912048339844 68.4862365722656 528.920837402344 85.9043579101562
"CZECH REPUBLIC" 50.55 13.93 409 682.070190429688 91.3049774169922 681.12158203125 112.042221069336
"DENMARK" 54.9 9.133 15 880.4853515625 102.962371826172 852.385437011719 123.88037109375
"DENMARK" 55.533 11.766 53 677.792297363281 74.1232147216797 685.54248046875 97.0971450805664
"DENMARK" 55.58 12.13 44 675.188232421875 72.3867034912109 684.560668945312 99.1797485351562
"DENMARK" 56.316 10.166 77 695.969482421875 66.7439270019531 723.718872070312 105.031745910645
"ESTONIA" 58.3 26.72 66 554.406066894531 94.1981430053711 644.121643066406 93.4992446899414
"ESTONIA" 58.37 25.58 86 580.4033203125 82.9674301147461 672.424743652344 100.552726745605
"ESTONIA" 58.65 23.3 4 491.480346679688 64.736213684082 556.144165039062 84.6916580200195
"ESTONIA" 59.383 24.583 34 605.42529296875 85.1712417602539 689.311950683594 99.6368637084961
"ESTONIA" 59.42 24.8 42 613.530029296875 88.4823608398438 702.963500976562 100.929679870605
"FAROE ISLANDS" 62.02 -6.77 43 2589.87133789062 317.305725097656 2791.63940429688 628.381042480469
"FIN" 60.116 19.9 4 552.774536132812 62.1107444763184 571.760131835938 79.9182510375977
"FIN" 60.166 24.95 4 574.312072753906 73.7208404541016 639.1552734375 91.6408309936523
"FIN" 60.516 22.266 51 630.390808105469 67.0695343017578 686.47314453125 105.634567260742
"FIN" 61.066 24.233 88 543.539672851562 60.2301712036133 593.757873535156 88.0236206054688
"FIN" 61.083 28.15 105 629.429748535156 88.2219314575195 683.113952636719 93.9934844970703
"FIN" 61.166 22.783 60 555.41748046875 59.6762390136719 602.882263183594 91.3684387207031
"FIN" 61.216 26.05 100 594.39697265625 72.3871078491211 639.933776855469 94.4375305175781
"FIN" 61.466 23.75 85 553.508850097656 60.1396713256836 599.497253417969 89.1092681884766
"FIN" 62.2 25.716 137 586.331176757812 61.8683052062988 646.691711425781 89.4782791137695
"FIN" 62.533 24.216 157 588.356750488281 60.9112396240234 640.976257324219 90.3669738769531
"FIN" 62.666 29.633 116 602.979248046875 81.6402816772461 657.16162109375 77.5063552856445
"FIN" 62.9 27.683 119 601.326293945312 68.8255081176758 662.576354980469 78.9460906982422
"FIN" 62.933 22.5 26 487.041320800781 54.3921699523926 525.929016113281 71.6401519775391
"FIN" 63.05 21.766 4 491.162750244141 58.565128326416 525.236450195312 68.3720016479492
"FIN" 63.15 27.316 88 583.041931152344 64.6686553955078 644.713256835938 75.9663696289062
"FIN" 64.283 27.666 132 552.345275878906 59.2688255310059 605.240600585938 56.5926094055176
"FIN" 65.033 25.483 13 467.732482910156 50.4588508605957 530.398864746094 78.8973007202148
"FIN" 65.983 29.216 263 565.857299804688 59.4930381774902 631.969604492188 71.0441818237305
"FIN" 67.366 26.65 179 482.175720214844 53.1859436035156 552.476989746094 61.7157821655273
"FINLAND" 60.1 19.9 4 552.774536132812 62.1107444763184 571.760131835938 79.9182510375977
"FINLAND" 60.25 25.05 28 599.247314453125 77.0860748291016 666.856018066406 94.4072723388672
"FINLAND" 60.3 25 53 612.400634765625 76.7715606689453 679.698669433594 96.3194580078125
"FINLAND" 60.52 22.27 51 630.390808105469 67.0695343017578 686.47314453125 105.634567260742
"FINLAND" 60.8 23.5 104 562.282043457031 60.750659942627 615.047424316406 92.3910064697266
"FINLAND" 61.08 28.15 105 629.429748535156 88.2219314575195 683.113952636719 93.9934844970703
"FINLAND" 61.4 23.4 112 569.998657226562 61.5074234008789 616.493957519531 92.9957580566406
"FINLAND" 61.41 23.58 112 567.447692871094 61.1389579772949 613.736267089844 91.748649597168
"FINLAND" 61.416 23.583 112 567.447692871094 61.1389579772949 613.736267089844 91.748649597168
"FINLAND" 61.47 23.73 85 557.175537109375 60.6529884338379 603.481506347656 89.8364028930664
"FINLAND" 61.85 22.46 136 605.213562011719 61.8967323303223 653.294860839844 96.7453002929688
"FINLAND" 61.9 22.5 134 604.207702636719 61.1623725891113 651.029174804688 96.2096481323242
"FINLAND" 62.2 25.72 137 586.331176757812 61.8683052062988 646.691711425781 89.4782791137695
"FINLAND" 62.4 25.7 141 587.33935546875 60.9851264953613 648.364318847656 87.7649917602539
"FINLAND" 62.66 29.63 117 602.979248046875 81.6402816772461 657.16162109375 77.5063552856445
"FINLAND" 62.7 29.6 116 615.408203125 81.6465835571289 671.067199707031 78.3990478515625
"FINLAND" 62.9 27.68 119 601.326293945312 68.8255081176758 662.576354980469 78.9460906982422
"FINLAND" 63.01 27.8 102 603.575317382812 68.0748596191406 664.976013183594 77.2240524291992
"FINLAND" 63.05 21.76 4 491.162750244141 58.565128326416 525.236450195312 68.3720016479492
"FINLAND" 63.1 21.8 4 489.022094726562 57.85888671875 522.884704589844 67.8775024414062
"FINLAND" 64.28 27.67 132 557.687133789062 59.9860496520996 610.506652832031 56.6887702941895
"FINLAND" 64.93 25.36 15 439.54833984375 48.7852592468262 497.113983154297 73.9831771850586
"FINLAND" 65.97 29.2 263 563.425415039062 58.8638572692871 629.815490722656 70.935920715332
"FINLAND" 66.56 25.83 201 538.399291992188 56.222282409668 618.278442382812 86.1350555419922
"FINLAND" 66.6 25.8 195 533.1376953125 55.8486824035645 611.110290527344 84.3173675537109
"FINLAND" 67.37 26.65 179 482.175720214844 53.1859436035156 552.476989746094 61.7157821655273
"FINLAND" 68.6 27.4 145 439.617065429688 56.8774948120117 490.227203369141 38.0271301269531
"FINLAND" 69.05 20.78 476 444.252746582031 55.7533531188965 497.406280517578 33.8070487976074
"FINLAND" 69.1 20.8 478 480.831359863281 61.0177192687988 538.538818359375 36.1540336608887
"FINLAND" 69.75 27.03 101 391.626708984375 60.770679473877 443.785339355469 31.8198986053467
"FINLAND" 69.8 27 107 400.46826171875 62.1628570556641 454.374572753906 32.2699851989746
"FRANCE" 41.916 8.8 9 614.226989746094 100.808120727539 603.25048828125 114.298362731934
"FRANCE" 42.55 9.483 12 791.100219726562 122.211402893066 746.2392578125 140.912521362305
"FRANCE" 43.3 5.4 8 542.289855957031 120.590919494629 538.183471679688 104.785247802734
"FRANCE" 43.383 -0.416 185 1518.45227050781 183.575912475586 1425.00903320312 227.237915039062
"FRANCE" 43.4 2 334 936.840209960938 148.686279296875 817.501831054688 144.35595703125
"FRANCE" 43.416 6.75 6 855.6494140625 192.026763916016 830.306213378906 162.21337890625
"FRANCE" 43.45 5.233 36 582.539001464844 130.037658691406 576.061950683594 106.638702392578
"FRANCE" 43.466 -1.533 71 1308.26013183594 150.379196166992 1232.52905273438 197.545623779297
"FRANCE" 43.58 3.97 6 635.857238769531 121.751998901367 595.964721679688 112.750335693359
"FRANCE" 43.6 1.4 152 710.755920410156 105.962226867676 637.944274902344 94.9035873413086
"FRANCE" 43.6 5.1 60 632.324584960938 138.127044677734 621.285705566406 113.23917388916
"FRANCE" 43.7 7.2 10 805.585327148438 178.980239868164 794.924255371094 132.749450683594
"FRANCE" 43.9 4.4 60 771.395629882812 145.171585083008 749.635803222656 135.158203125
"FRANCE" 43.916 -0.5 63 1003.35980224609 130.684188842773 916.975769042969 133.754745483398
"FRANCE" 44.1 6 460 727.29736328125 163.966827392578 699.216247558594 118.70654296875
"FRANCE" 44.116 3.016 720 699.475524902344 112.795913696289 650.754211425781 102.706993103027
"FRANCE" 44.166 5.283 1909 1108.89733886719 215.374069213867 1080.08850097656 187.194946289062
"FRANCE" 44.683 5.716 1061 1267.67651367188 221.744400024414 1214.50732421875 189.784561157227
"FRANCE" 45.08 3.76 833 694.2001953125 97.9950637817383 674.642883300781 81.8101348876953
"FRANCE" 45.366 5.333 386 947.751220703125 134.272018432617 901.8427734375 122.233169555664
"FRANCE" 45.616 6.766 868 991.723510742188 135.734146118164 982.394165039062 151.994842529297
"FRANCE" 45.783 3.166 330 584.526062011719 80.4405212402344 574.479736328125 59.940975189209
"FRANCE" 46 4.1 283 731.423583984375 110.978332519531 709.8173828125 76.9267654418945
"FRANCE" 46.31 -0.4 61 849.342041015625 129.81201171875 805.772644042969 98.4327239990234
"FRANCE" 46.85 1.72 157 727.171875 98.829704284668 719.069458007812 81.9499282836914
"FRANCE" 47 3.1 181 757.584228515625 124.890632629395 761.882934570312 82.8796081542969
"FRANCE" 47.05 2.65 179 711.462524414062 107.9111328125 713.535827636719 77.8088989257812
"FRANCE" 47.06 2.36 166 709.294128417969 104.507972717285 702.895446777344 78.9713287353516
"FRANCE" 47.066 3.933 605 853.250915527344 145.51335144043 850.515502929688 94.5976333618164
"FRANCE" 47.16 -1.6 27 794.772155761719 102.827735900879 777.654541015625 94.9435806274414
"FRANCE" 47.2 6 307 1151.294921875 199.228057861328 1128.61511230469 154.268569946289
"FRANCE" 47.26 5.08 227 734.536376953125 128.096649169922 730.706909179688 99.2150421142578
"FRANCE" 47.3 4.5 390 839.765258789062 146.818252563477 843.35107421875 105.961631774902
"FRANCE" 47.5 -0.566 58 721.217407226562 98.5661315917969 708.758239746094 81.6396408081055
"FRANCE" 47.633 6.866 423 1002.09631347656 163.901458740234 987.065979003906 123.89771270752
"FRANCE" 47.8 3.55 212 665.486083984375 117.546508789062 669.476623535156 70.1508941650391
"FRANCE" 47.833 5.316 462 853.679016113281 152.373687744141 854.268493652344 109.755653381348
"FRANCE" 47.933 0.2 52 665.677978515625 100.198623657227 659.913818359375 70.9020004272461
"FRANCE" 47.98 1.75 125 625.374572753906 98.0993957519531 618.964904785156 64.6786575317383
"FRANCE" 48 -4.2 92 1078.94763183594 113.097755432129 1104.38098144531 129.461364746094
"FRANCE" 48.03 -1.38 101 783.642456054688 93.1564865112305 755.00634765625 85.3987731933594
"FRANCE" 48.066 -1.733 37 757.117126464844 88.3561553955078 740.209289550781 86.570930480957
"FRANCE" 48.1 5.05 313 734.2353515625 135.658020019531 730.132385253906 80.1536026000977
"FRANCE" 48.233 -3.333 262 1066.388671875 112.357398986816 1075.97399902344 128.82585144043
"FRANCE" 48.3 -1.6 73 734.403381347656 83.9673538208008 720.882751464844 85.2632827758789
"FRANCE" 48.45 -4.416 103 1119.45227050781 111.756294250488 1154.56225585938 139.77912902832
"FRANCE" 48.45 0.116 141 693.920715332031 99.6461944580078 693.030456542969 66.7458114624023
"FRANCE" 48.55 7.633 154 661.924072265625 117.583320617676 627.135864257812 83.000846862793
"FRANCE" 48.683 6.216 217 767.030883789062 132.366317749023 748.157409667969 92.4369506835938
"FRANCE" 48.77 5.98 288 746.516052246094 129.498138427734 728.706298828125 84.5532302856445
"FRANCE" 48.966 2.45 65 609.875305175781 93.6395492553711 627.591186523438 55.0676498413086
"FRANCE" 49.02 1.22 146 636.295532226562 94.7941970825195 641.684020996094 57.5073661804199
"FRANCE" 49.02 1.23 141 636.295532226562 94.7941970825195 641.684020996094 57.5073661804199
"FRANCE" 49.466 2.116 111 666.994812011719 94.5762481689453 693.58056640625 51.9375381469727
"FRANCE" 49.6 3.6 180 677.822265625 105.946823120117 686.269836425781 51.8175354003906
"FRANCE" 49.63 3.55 83 675.848266601562 104.880043029785 685.577819824219 51.4877090454102
"FRANCE" 50.566 3.1 52 711.781860351562 98.034797668457 734.652587890625 53.9838752746582
"FRANCE" 50.6 3.1 47 719.5751953125 98.7659378051758 742.709899902344 54.812198638916
"GERMANY" 47.716 10.333 705 1323.87841796875 176.616851806641 1265.99169921875 113.001136779785
"GERMANY" 47.9 7.616 217 765.526550292969 126.369911193848 744.370361328125 94.2208557128906
"GERMANY" 48.1 8.75 975 1156.0810546875 181.216049194336 1096.80102539062 120.939041137695
"GERMANY" 48.133 11.55 535 954.338012695312 139.368286132812 943.033874511719 70.3611755371094
"GERMANY" 48.133 11.7 528 968.621337890625 144.135055541992 965.165161132812 76.254524230957
"GERMANY" 48.45 8.416 801 1670.87390136719 278.843444824219 1599.09838867188 176.518630981445
"GERMANY" 49 8.4 114 840.257629394531 152.618865966797 790.323913574219 92.7059173583984
"GERMANY" 49.05 12.1 371 636.203308105469 102.41259765625 636.11083984375 51.7684173583984
"GERMANY" 49.22 7.12 320 947.096862792969 175.423309326172 900.458862304688 99.6005401611328
"GERMANY" 49.5 7.87 321 685.805236816406 134.023376464844 636.95703125 69.962287902832
"GERMANY" 49.766 7.05 483 981.552856445312 183.565078735352 915.898803710938 77.5981674194336
"GERMANY" 49.866 8.65 169 753.780151367188 145.890075683594 680.84765625 74.5609588623047
"GERMANY" 49.883 10.916 243 662.282958984375 120.74730682373 630.629211425781 69.589714050293
"GERMANY" 49.95 6.57 374 887.055541992188 156.901275634766 830.569702148438 65.4393692016602
"GERMANY" 50 8 108 556.886962890625 108.722320556641 514.149719238281 53.8828544616699
"GERMANY" 50.05 8.6 113 649.860229492188 122.025436401367 586.272705078125 60.9404945373535
"GERMANY" 50.283 10.983 323 745.561828613281 136.728469848633 715.216979980469 82.2286605834961
"GERMANY" 50.583 8.7 195 675.804504394531 123.31901550293 610.37841796875 55.2329216003418
"GERMANY" 50.6 8.733 185 686.405456542969 125.594390869141 620.253479003906 56.0766334533691
"GERMANY" 50.7 7.15 64 760.913635253906 135.38720703125 698.38623046875 48.5983619689941
"GERMANY" 50.866 7.166 99 834.062744140625 148.774353027344 768.751586914062 48.9261589050293
"GERMANY" 50.98 6.9 49 802.404968261719 138.189788818359 743.497985839844 41.9073104858398
"GERMANY" 51.4 6.933 129 956.232971191406 163.399169921875 888.71142578125 43.8722801208496
"GERMANY" 51.51 11.95 93 537.119201660156 73.7195663452148 520.246948242188 84.2624740600586
"GERMANY" 51.8 6.1 45 783.656616210938 120.152069091797 743.791015625 39.7444114685059
"GERMANY" 52.11 11.58 84 527.115112304688 73.3131942749023 498.392700195312 77.9867172241211
"GERMANY" 52.133 7.7 52 799.005676269531 120.012878417969 745.948547363281 61.2704658508301
"GERMANY" 52.216 14.116 104 570.357177734375 73.6240158081055 563.26904296875 91.2218704223633
"GERMANY" 52.3 10.45 88 642.168884277344 90.0855255126953 600.276306152344 86.0510940551758
"GERMANY" 52.36 14.53 49 545.725524902344 67.1016387939453 537.319946289062 92.6712188720703
"GERMANY" 52.38 13.51 50 554.43505859375 72.1254806518555 549.125671386719 86.9921798706055
"GERMANY" 52.46 13.35 58 594.638061523438 77.4009399414062 583.9267578125 92.5583114624023
"GERMANY" 52.466 13.4 49 595.340026855469 77.7781143188477 585.623596191406 92.4429321289062
"GERMANY" 52.466 9.683 59 664.087585449219 90.4829025268555 623.880249023438 73.4746704101562
"GERMANY" 52.6 10.016 52 693.443115234375 99.2701721191406 655.402160644531 81.6801452636719
"GERMANY" 52.733 7.76 22 838.527526855469 128.960327148438 788.146911621094 82.3467407226562
"GERMANY" 53.533 7.883 21 844.572448730469 114.354499816895 803.59033203125 94.0826797485352
"GERMANY" 53.633 10 16 813.5537109375 107.106727600098 784.036437988281 108.911834716797
"GERMANY" 54.5 9.1 3 904.014038085938 100.884666442871 863.231872558594 129.115737915039
"GREECE" 35.1 26.1 150 770.593139648438 127.881492614746 733.104736328125 69.504997253418
"GREECE" 35.3 24.9 740 1004.11999511719 207.09309387207 939.960693359375 100.354782104492
"GREECE" 35.3 25.1 39 561.054626464844 109.05558013916 535.078674316406 52.4789848327637
"GREECE" 36.283 23.016 167 601.878540039062 108.967819213867 555.428649902344 63.6071434020996
"GREECE" 36.3 23 167 566.694396972656 105.081230163574 522.364013671875 60.6467552185059
"GREECE" 37.966 23.716 107 449.210815429688 94.2459106445312 437.483367919922 45.412712097168
"GREECE" 38.166 21.416 15 773.389587402344 160.568969726562 724.180358886719 74.9429550170898
"GREECE" 38.61 21.38 47 931.404541015625 183.418273925781 888.094604492188 94.9047164916992
"GREECE" 38.9 24.55 18 448.245666503906 77.1258697509766 460.040466308594 42.369571685791
"GREECE" 39.633 22.416 74 487.422607421875 68.0960922241211 489.870330810547 70.1238021850586
"GREECE" 39.7 20.8 488 1141.84301757812 179.733917236328 1079.49243164062 145.926544189453
"GREECE" 40.5 22.9 30 471.827087402344 55.4382705688477 497.879058837891 80.3904190063477
"GREECE" 40.85 25.916 3 631.130004882812 83.9725646972656 650.396789550781 89.2172546386719
"HUNGARY" 46 18.2 201 683.243713378906 80.7874221801758 684.1318359375 144.438568115234
"HUNGARY" 46.1 18.2 330 722.712219238281 89.4693908691406 727.064147949219 155.860961914062
"HUNGARY" 46.13 18.25 440 697.109619140625 87.739372253418 702.98583984375 152.541000366211
"HUNGARY" 46.25 20.1 82 536.616027832031 68.7313385009766 530.970092773438 121.561378479004
"HUNGARY" 47.35 17.48 145 599.209228515625 96.7476119995117 605.393493652344 113.715911865234
"HUNGARY" 47.433 19.183 140 584.299438476562 94.0485610961914 584.963623046875 137.785507202148
"HUNGARY" 47.5 19 130 595.704956054688 97.1508941650391 596.188110351562 135.017807006836
"HUNGARY" 47.7 17.68 116 602.952209472656 95.4813461303711 603.801940917969 116.592491149902
"HUNGARY" 48.1 20.766 233 569.797241210938 91.3184280395508 577.360107421875 131.26887512207
"HUNGARY" 48.1 21.4 133 639.921264648438 92.6727142333984 644.131164550781 138.478408813477
"IRELAND" 52.2 -7.3 71 980.186279296875 108.819313049316 1022.82781982422 107.328704833984
"IRELAND" 52.6 -7.3 66 918.664184570312 100.560745239258 950.7958984375 90.9585494995117
"IRELAND" 52.9 -8 94 982.893981933594 95.0038604736328 1024.49572753906 91.8560943603516
"IRELAND" 52.9 -9.3 8 1215.48461914062 91.8994140625 1314.21545410156 96.7904968261719
"IRELAND" 53 -8.1 84 936.893920898438 88.3376007080078 980.47509765625 85.4062652587891
"IRELAND" 53.1 -6.2 229 1101.51818847656 126.078453063965 1123.98596191406 114.984710693359
"IRELAND" 53.533 -7.366 104 962.9873046875 98.4155044555664 987.571228027344 85.1208190917969
"IRELAND" 54.1 -6.4 61 1425.42834472656 141.347534179688 1458.03588867188 132.929000854492
"ITALY" 35.5 12.6 20 303.132354736328 64.6384658813477 291.678771972656 26.6281185150146
"ITALY" 37.083 14.216 33 350.852691650391 65.8089447021484 342.377563476562 40.6400299072266
"ITALY" 37.46 15.05 17 506.874633789062 91.3215026855469 474.111938476562 65.1638641357422
"ITALY" 37.716 13.433 1035 521.382080078125 97.0688171386719 506.868133544922 69.5058135986328
"ITALY" 38.066 15.65 21 757.23779296875 101.443626403809 696.594482421875 105.789138793945
"ITALY" 38.1 13.3 117 454.677551269531 81.0594024658203 434.072265625 65.7839889526367
"ITALY" 38.9 16.5 363 912.031372070312 113.923561096191 859.735900878906 136.637069702148
"ITALY" 39.1 17.1 155 688.804443359375 90.9548797607422 641.411499023438 101.682418823242
"ITALY" 39.82 18.35 112 583.550231933594 76.5073547363281 541.402648925781 95.1710891723633
"ITALY" 40.02 15.28 185 775.616821289062 104.441184997559 719.162780761719 129.327301025391
"ITALY" 40.12 9.25 1029 845.980651855469 144.749160766602 856.830627441406 164.054412841797
"ITALY" 40.5 17.3 41 552.820434570312 78.1337661743164 527.579650878906 102.744598388672
"ITALY" 40.77 16.93 350 621.200622558594 97.8081207275391 591.771362304688 112.414810180664
"ITALY" 41.63 12.43 12 799.681030273438 106.444953918457 699.61962890625 126.457511901855
"ITALY" 41.7 15.95 844 198.673461914062 24.3180046081543 186.701782226562 39.1734237670898
"ITALY" 42.08 12.22 266 144.646438598633 20.1890697479248 132.463592529297 23.8022651672363
"ITALY" 42.733 10.4 397 555.952880859375 76.849235534668 503.800811767578 103.275329589844
"ITALY" 42.9 11.766 828 588.717590332031 81.7811508178711 536.959594726562 104.942970275879
"ITALY" 43.083 12.5 205 703.795715332031 100.367095947266 652.717834472656 130.574188232422
"ITALY" 43.4 10.866 575 794.236145019531 104.390525817871 696.25341796875 153.57942199707
"ITALY" 44 12.6 12 698.350708007812 102.448638916016 627.698791503906 129.517547607422
"ITALY" 44.53 11.3 49 717.359558105469 100.097747802734 641.323913574219 125.312034606934
"ITALY" 44.8 10.3 56 751.400573730469 104.555267333984 694.152648925781 111.828903198242
"ITALY" 45.033 7.733 710 714.22216796875 128.833282470703 724.282958984375 97.4448318481445
"ITALY" 45.21 7.65 287 736.739685058594 118.832107543945 755.805480957031 95.0304183959961
"ITALY" 45.38 10.86 68 792.108642578125 108.52611541748 776.211120605469 104.091300964355
"ITALY" 45.516 8.666 169 892.817504882812 140.004776000977 901.457397460938 117.05802154541
"ITALY" 45.62 8.73 211 980.071533203125 154.81526184082 988.091674804688 128.152938842773
"ITALY" 45.7 13.8 8 1617.06115722656 169.752716064453 1654.46435546875 259.57421875
"ITALY" 45.983 13.033 53 1273.20349121094 135.100875854492 1353.02648925781 161.942230224609
"ITALY" 46 13.2 51 1356.45922851562 142.219497680664 1437.91540527344 180.876052856445
"LATVIA" 56.483 21.016 4 634.066345214844 71.7953491210938 724.538513183594 104.768531799316
"LATVIA" 56.97 24.05 7 579.573791503906 68.7605743408203 682.50390625 101.889854431152
"LATVIA" 56.97 24.07 6 579.573791503906 68.7605743408203 682.50390625 101.889854431152
"LATVIA" 57.133 25.916 181 654.032287597656 92.3975830078125 762.080200195312 111.465789794922
"LATVIA" 57.2 22.38 70 578.321228027344 71.1450347900391 674.239013671875 103.074729919434
"LATVIA" 57.37 21.55 3 602.686828613281 72.3315963745117 692.286254882812 105.714614868164
"LATVIA" 57.866 24.45 6 567.744384765625 77.5411605834961 666.621826171875 102.157821655273
"LITHUANIA" 54.883 23.883 75 590.182006835938 62.8032684326172 644.177185058594 95.7003936767578
"LITHUANIA" 55.25 24.766 72 588.272827148438 59.3921241760254 629.440002441406 91.0842819213867
"LITHUANIA" 55.383 23.116 111 639.657409667969 63.7944679260254 707.501159667969 103.00634765625
"LITHUANIA" 55.533 25.6 105 624.3935546875 68.7296371459961 676.966918945312 100.879280090332
"LITHUANIA" 55.616 22.233 165 756.519165039062 82.0400314331055 852.386901855469 124.689064025879
"LITHUANIA" 55.966 22.25 153 705.804443359375 76.0925598144531 811.929809570312 121.914886474609
"LITHUANIA" 56.2 24.766 60 563.61865234375 65.1045684814453 651.447082519531 95.1206588745117
"MACEDONIA" 41.05 21.333 586 713.636535644531 81.9491958618164 697.178527832031 117.395164489746
"MACEDONIA" 41.05 21.37 589 658.987915039062 73.3084335327148 640.028137207031 105.755447387695
"MACEDONIA" 41.533 20.7 1332 1162.13330078125 131.979751586914 1099.11413574219 171.259094238281
"MOLDOVA" 47.016 28.866 95 578.680603027344 85.0724639892578 550.303894042969 71.0935821533203
"MOLDOVA" 47.016 28.983 173 578.008422851562 84.8579254150391 549.219543457031 70.8562088012695
"MOLDOVA" 47.02 28.87 180 578.680603027344 85.0724639892578 550.303894042969 71.0935821533203
"MONTENEGRO" 42.4 18.73 5 1492.28845214844 145.363510131836 1462.00061035156 300.414794921875
"MOROCCO" 35.385 -5.34 300 1050.74609375 291.611450195312 901.145141601562 364.325592041016
"NETHERLANDS" 50.916 5.783 116 797.04541015625 139.584915161133 757.259887695312 40.1372528076172
"NETHERLANDS" 51.45 5.416 28 809.712158203125 133.94123840332 777.553833007812 40.250415802002
"NETHERLANDS" 52.1 5.183 15 845.865844726562 122.307388305664 814.857360839844 51.4112586975098
"NETHERLANDS" 52.3 4.76 2 880.21337890625 117.796798706055 848.727294921875 60.8490982055664
"NORWAY" 58.8 5.9 230 1769.85852050781 341.84716796875 1995.37231445312 322.205291748047
"NORWAY" 59.1 11.4 8 795.388366699219 88.6630477905273 853.657287597656 118.71467590332
"NORWAY" 59.2 8 315 990.369140625 159.445022583008 1068.74694824219 153.896942138672
"NORWAY" 59.3 4.88 56 1099.28149414062 238.090728759766 1264.25732421875 196.735565185547
"NORWAY" 59.4 6.5 200 2152.1376953125 438.401245117188 2432.54296875 414.24951171875
"NORWAY" 59.7 8 715 829.469116210938 112.236587524414 882.79052734375 123.987976074219
"NORWAY" 59.8 6.8 393 1621.5771484375 334.602142333984 1831.53918457031 304.652770996094
"NORWAY" 59.95 10.716 94 784.971984863281 85.1458358764648 799.983947753906 111.979385375977
"NORWAY" 60.1 6.3 37 2410.48315429688 511.741271972656 2746.69873046875 463.253448486328
"NORWAY" 60.2 11.1 204 868.194580078125 92.9214706420898 869.837585449219 122.24626159668
"NORWAY" 60.383 5.333 12 2082.65283203125 474.560974121094 2416.18627929688 387.866607666016
"NORWAY" 60.4 11.6 147 766.383361816406 77.6161575317383 764.748413085938 109.958511352539
"NORWAY" 60.566 9.116 167 599.377197265625 57.2365684509277 609.969177246094 79.8790512084961
"NORWAY" 60.6 10 167 850.549621582031 85.3825454711914 852.386474609375 110.55859375
"NORWAY" 61.9 6.6 118 1356.08508300781 235.095245361328 1563.1455078125 187.293365478516
"NORWAY" 62.1 7.2 419 1240.73583984375 200.332946777344 1415.76062011719 154.060165405273
"NORWAY" 62.1 9.05 626 460.351776123047 60.0341949462891 505.670227050781 49.0771942138672
"NORWAY" 62.2 7.2 28 1664.87097167969 258.904571533203 1894.03430175781 200.96891784668
"NORWAY" 62.3 11.8 670 759.024780273438 92.4880981445312 769.946960449219 70.3067855834961
"NORWAY" 62.4 8 247 832.079040527344 127.102592468262 938.221008300781 101.370262145996
"NORWAY" 63 9 39 1148.86254882812 136.096084594727 1237.73315429688 129.620834350586
"NORWAY" 63.7 9.6 7 951.086975097656 109.982421875 971.363464355469 114.634651184082
"NORWAY" 64.5 12 15 1155.14709472656 121.877197265625 1240.837890625 141.655349731445
"NORWAY" 64.8 12 44 1576.95495605469 180.852615356445 1727.994140625 184.002456665039
"NORWAY" 66.8 14 30 1510.78466796875 270.197692871094 1715.6533203125 222.456405639648
"NORWAY" 66.816 13.983 39 1722.17517089844 307.085235595703 1959.81652832031 255.301895141602
"NORWAY" 67.3 14.4 13 963.696411132812 166.970901489258 1074.92810058594 127.709609985352
"NORWAY" 68.2 17.6 6 712.840454101562 86.9164199829102 781.411499023438 69.228645324707
"NORWAY" 68.6 16 7 1262.44079589844 224.62939453125 1379.79711914062 140.765777587891
"NORWAY" 69 19.3 78 551.022155761719 80.0177154541016 609.103149414062 47.6477737426758
"NORWAY" 69.45 30.07 28 466.721405029297 70.9777755737305 539.477172851562 37.8490753173828
"NORWAY" 69.466 25.516 129 379.976135253906 56.3653106689453 419.016235351562 30.0750770568848
"NORWAY" 69.65 18.933 100 926.586853027344 159.879211425781 1038.49243164062 87.2089385986328
"NORWAY" 70.7 30.1 9 592.301452636719 88.0886764526367 692.52734375 53.2982521057129
"POLAND" 49.8 22.76 280 688.882568359375 100.340560913086 649.429931640625 110.17268371582
"POLAND" 49.8 22.766 279 688.882568359375 100.340560913086 649.429931640625 110.17268371582
"POLAND" 50 21 209 786.536437988281 113.62149810791 734.276611328125 135.382827758789
"POLAND" 50.4 18 165 679.352905273438 90.6000442504883 645.34765625 104.11351776123
"POLAND" 50.4 21.7 217 658.604309082031 94.4514541625977 619.37890625 100.906410217285
"POLAND" 50.4 23.2 212 672.099731445312 95.1172103881836 637.847717285156 95.0459747314453
"POLAND" 50.433 16.616 356 620.950744628906 76.633430480957 597.989379882812 97.1369400024414
"POLAND" 50.5 15.8 342 618.910522460938 76.6598052978516 604.750671386719 98.8447723388672
"POLAND" 50.5 19.1 293 750.858032226562 103.272125244141 704.937255859375 120.233528137207
"POLAND" 50.7 21.71 218 619.321411132812 92.6113586425781 587.679992675781 92.2079925537109
"POLAND" 50.7 23.25 213 635.691101074219 93.653076171875 600.446166992188 89.3996963500977
"POLAND" 50.81 19.1 295 661.278381347656 92.0736618041992 624.887268066406 106.784049987793
"POLAND" 50.9 15.8 344 629.309143066406 77.4738693237305 613.2919921875 102.967880249023
"POLAND" 51.1 16.9 120 603.289611816406 79.6319427490234 588.020751953125 96.7746887207031
"POLAND" 51.6 15.5 192 621.588684082031 75.2727127075195 611.787719726562 105.597671508789
"POLAND" 51.73 18.08 144 559.588134765625 80.8102416992188 544.407897949219 97.8155517578125
"POLAND" 52 23.1 147 599.472473144531 87.8695678710938 587.274841308594 90.0455474853516
"POLAND" 52.1 21 106 587.077758789062 100.457534790039 567.645629882812 100.180267333984
"POLAND" 52.16 20.96 107 590.831298828125 102.019149780273 571.748413085938 101.352233886719
"POLAND" 52.18 22.26 149 579.383178710938 92.0705490112305 563.555541992188 94.212532043457
"POLAND" 52.3 16.8 83 526.08154296875 68.8565826416016 531.390319824219 95.463752746582
"POLAND" 52.4 19.7 106 570.6123046875 88.9427337646484 570.719665527344 100.75057220459
"POLAND" 52.58 19.73 109 572.697143554688 89.4044952392578 573.726013183594 101.952819824219
"POLAND" 53.033 18.583 69 549.5302734375 86.7150039672852 557.9794921875 92.7649917602539
"POLAND" 53.1 23.166 148 596.761108398438 91.2163238525391 626.323364257812 92.1964111328125
"POLAND" 53.2 14.6 1 537.089233398438 71.6816711425781 538.846740722656 88.8046951293945
"POLAND" 53.4 14.616 1 539.993286132812 72.0359191894531 542.519226074219 87.8268585205078
"POLAND" 53.71 16.68 144 634.015563964844 91.8490829467773 644.592956542969 101.36882019043
"POLAND" 54.133 22.95 184 603.825988769531 85.9076156616211 646.586120605469 91.6837463378906
"POLAND" 54.16 19.43 43 677.232482910156 105.783210754395 709.803283691406 99.8601226806641
"POLAND" 54.2 16.15 33 734.039489746094 97.4471130371094 750.067565917969 120.817405700684
"POLAND" 54.38 18.47 138 670.078552246094 111.69051361084 704.758728027344 90.3274536132812
"POLAND" 54.383 18.466 138 670.078552246094 111.69051361084 704.758728027344 90.3274536132812
"PORTUGAL" 38 -7.9 246 647.422180175781 149.543716430664 602.707702636719 197.40380859375
"PORTUGAL" 38.566 -7.9 321 713.938171386719 155.009323120117 682.024230957031 217.266479492188
"PORTUGAL" 38.6 -7.9 309 713.884155273438 155.638748168945 682.820739746094 217.199081420898
"PORTUGAL" 38.766 -9.133 105 807.438842773438 184.571838378906 788.215026855469 244.964660644531
"PORTUGAL" 38.833 -9.333 130 822.0283203125 184.899032592773 801.932006835938 245.944610595703
"PORTUGAL" 39.016 -7.066 280 667.16796875 139.190231323242 630.902587890625 188.969650268555
"PORTUGAL" 40.533 -7.266 1019 1263.94812011719 313.229766845703 1210.23522949219 318.867462158203
"PORTUGAL" 41.7 -8.8 16 1511.7060546875 362.670745849609 1457.44213867188 337.867462158203
"ROMANIA" 44.1 24.3 112 587.982360839844 96.2812118530273 623.215759277344 89.9352340698242
"ROMANIA" 44.2 27.35 20 509.469024658203 76.3063888549805 540.536865234375 83.9083862304688
"ROMANIA" 44.2 28.6 14 460.453674316406 73.3712768554688 482.369049072266 77.0261535644531
"ROMANIA" 44.233 23.866 192 596.547790527344 91.5316390991211 615.730163574219 87.9204788208008
"ROMANIA" 44.4 26.1 82 613.175476074219 104.588348388672 653.242736816406 101.032707214355
"ROMANIA" 44.5 26.1 91 597.568725585938 100.573341369629 634.149169921875 96.8182067871094
"ROMANIA" 44.5 26.133 90 602.878723144531 101.556953430176 640.164794921875 97.7530899047852
"ROMANIA" 45.2 22 1432 885.29638671875 117.043388366699 878.120544433594 167.30339050293
"ROMANIA" 45.45 25.45 2504 881.31005859375 141.931365966797 909.087524414062 125.215187072754
"ROMANIA" 45.5 25.6 1093 700.102966308594 115.540519714355 726.311157226562 101.223205566406
"ROMANIA" 45.5 28.033 71 499.129425048828 70.9485168457031 515.359008789062 73.665657043457
"ROMANIA" 45.7 25.5 534 596.753356933594 96.8318252563477 617.075317382812 84.3156967163086
"ROMANIA" 45.76 21.25 88 637.874938964844 73.4217910766602 631.402526855469 126.149276733398
"ROMANIA" 45.766 21.25 86 637.874938964844 73.4217910766602 631.402526855469 126.149276733398
"ROMANIA" 45.8 24.15 444 648.174255371094 98.7258605957031 648.268615722656 96.4549179077148
"ROMANIA" 46.58 26.96 190 529.620788574219 74.3949508666992 529.703125 73.1001586914062
"ROMANIA" 46.78 23.56 413 603.717529296875 80.071418762207 596.657836914062 114.373794555664
"ROMANIA" 46.8 23.7 415 610.520202636719 78.317138671875 600.127014160156 113.274101257324
"ROMANIA" 46.91 26.83 217 541.686340332031 77.8771514892578 538.680603027344 78.6277160644531
"ROMANIA" 47.1 21.9 135 629.953796386719 77.9015502929688 619.677001953125 132.908187866211
"ROMANIA" 47.133 24.5 366 738.712768554688 80.2391891479492 700.437072753906 114.083961486816
"ROMANIA" 47.16 27.63 104 586.445129394531 75.4711761474609 564.679504394531 83.0085754394531
"ROMANIA" 47.166 27.633 102 586.445129394531 75.4711761474609 564.679504394531 83.0085754394531
"ROMANIA" 47.7 23.6 227 890.680847167969 96.113525390625 859.916198730469 159.355026245117
"ROMANIA" 47.8 23.9 700 879.483093261719 92.6135177612305 847.309814453125 150.527359008789
"ROMANIA" 47.8 25.9 389 619.660278320312 84.3147735595703 596.376342773438 93.173454284668
"RUSSIAN FEDERATION" 44.1 39.07 41 1369.28552246094 169.62565612793 1371.59204101562 145.614135742188
"RUSSIAN FEDERATION" 44.73 37.82 9 790.947631835938 107.238441467285 790.66162109375 112.738159179688
"RUSSIAN FEDERATION" 45 39.2 33 777.3310546875 94.4469223022461 791.396850585938 89.6515274047852
"RUSSIAN FEDERATION" 45.03 39.15 29 761.719299316406 94.5427093505859 775.077941894531 88.6876525878906
"RUSSIAN FEDERATION" 46.03 38.15 5 573.560913085938 72.7938461303711 575.546813964844 78.3230514526367
"RUSSIAN FEDERATION" 47.033 31.95 50 467.672882080078 69.1327285766602 440.288513183594 80.7791519165039
"RUSSIAN FEDERATION" 50.57 36.58 218 577.845886230469 81.8203659057617 599.121459960938 81.6823501586914
"RUSSIAN FEDERATION" 51.17 37.35 223 560.081726074219 68.6699447631836 577.744934082031 82.8701324462891
"RUSSIAN FEDERATION" 51.65 36.18 246 604.420104980469 85.785285949707 613.648498535156 80.4085083007812
"RUSSIAN FEDERATION" 51.65 36.183 167 604.420104980469 85.785285949707 613.648498535156 80.4085083007812
"RUSSIAN FEDERATION" 51.65 39.25 104 547.698364257812 44.4931640625 571.726745605469 93.1044998168945
"RUSSIAN FEDERATION" 51.7 39.166 164 557.241943359375 47.4608306884766 582.282836914062 95.1840286254883
"RUSSIAN FEDERATION" 51.7 39.17 147 561.771728515625 47.3566093444824 587.28076171875 96.1035614013672
"RUSSIAN FEDERATION" 51.7 39.22 149 548.019348144531 45.7422981262207 572.972839355469 94.1292572021484
"RUSSIAN FEDERATION" 51.766 36.166 247 613.39013671875 86.4333190917969 622.18212890625 82.4906234741211
"RUSSIAN FEDERATION" 52.32 36.3 247 619.942565917969 78.1349945068359 627.911560058594 88.5526580810547
"RUSSIAN FEDERATION" 52.38 38.93 100 546.836608886719 50.0658149719238 576.538146972656 100.239852905273
"RUSSIAN FEDERATION" 52.48 31.67 163 613.755126953125 82.8737335205078 604.419860839844 84.0307998657227
"RUSSIAN FEDERATION" 53.33 34.23 217 633.63330078125 89.1558456420898 651.187927246094 94.3862533569336
"RUSSIAN FEDERATION" 53.333 34.233 162 633.63330078125 89.1558456420898 651.187927246094 94.3862533569336
"RUSSIAN FEDERATION" 53.75 34.73 193 609.471923828125 81.5978317260742 630.847351074219 97.8468704223633
"RUSSIAN FEDERATION" 53.78 39.25 209 535.218627929688 58.0184631347656 570.690856933594 109.513969421387
"RUSSIAN FEDERATION" 53.97 32.85 219 606.556335449219 90.9922790527344 633.024169921875 93.9313430786133
"RUSSIAN FEDERATION" 54.7 20.616 27 785.90380859375 131.830062866211 845.270751953125 120.222923278809
"RUSSIAN FEDERATION" 54.7 20.62 20 785.90380859375 131.830062866211 845.270751953125 120.222923278809
"RUSSIAN FEDERATION" 54.716 20.55 21 792.571228027344 132.230087280273 852.585876464844 121.281631469727
"RUSSIAN FEDERATION" 54.75 32.06 241 680.232421875 93.4108047485352 739.679382324219 104.119956970215
"RUSSIAN FEDERATION" 54.75 32.07 239 680.232421875 93.4108047485352 739.679382324219 104.119956970215
"RUSSIAN FEDERATION" 55.08 21.93 37 707.274169921875 89.483772277832 777.08984375 111.34455871582
"RUSSIAN FEDERATION" 55.75 37.57 176 633.634338378906 88.7132110595703 698.978332519531 124.535003662109
"RUSSIAN FEDERATION" 55.79 37.566 156 637.011840820312 88.3899612426758 703.321105957031 124.658981323242
"RUSSIAN FEDERATION" 55.833 37.616 156 627.642456054688 86.0283584594727 693.172241210938 120.871711730957
"RUSSIAN FEDERATION" 56.27 34.32 195 585.926330566406 77.0153427124023 664.625 78.8793182373047
"RUSSIAN FEDERATION" 56.35 30.616 106 594.544250488281 85.4723663330078 665.619750976562 90.1393356323242
"RUSSIAN FEDERATION" 56.4 30.6 98 597.536437988281 85.9539947509766 668.794067382812 90.8313522338867
"RUSSIAN FEDERATION" 56.68 39.57 150 569.599243164062 70.5981750488281 608.395690917969 87.4005432128906
"RUSSIAN FEDERATION" 57.33 32.05 101 609.897705078125 88.2263565063477 692.23046875 94.0771560668945
"RUSSIAN FEDERATION" 57.58 34.57 167 601.791259765625 71.2282943725586 659.878234863281 73.8591613769531
"RUSSIAN FEDERATION" 57.8 36.7 140 547.455139160156 54.390193939209 591.07470703125 54.7614974975586
"RUSSIAN FEDERATION" 57.816 28.416 45 606.19970703125 102.92301940918 695.303283691406 96.8105087280273
"RUSSIAN FEDERATION" 57.833 28.35 42 603.246643066406 102.996063232422 691.546936035156 96.2646179199219
"RUSSIAN FEDERATION" 57.9 34.05 178 624.035339355469 76.3189239501953 683.170837402344 83.668212890625
"RUSSIAN FEDERATION" 57.97 33.23 201 687.203308105469 84.6284484863281 759.813110351562 102.849906921387
"RUSSIAN FEDERATION" 58.52 31.28 24 558.4384765625 81.8883666992188 621.151733398438 85.7350463867188
"RUSSIAN FEDERATION" 58.57 29.8 91 640.921508789062 106.189117431641 718.911804199219 96.3769989013672
"RUSSIAN FEDERATION" 58.68 32.7 113 701.49365234375 82.3746795654297 768.413635253906 98.6279449462891
"RUSSIAN FEDERATION" 58.68 37.27 106 618.514099121094 62.9949684143066 645.743469238281 58.8371810913086
"RUSSIAN FEDERATION" 59.37 28.6 17 655.535766601562 110.431182861328 742.573425292969 104.131607055664
"RUSSIAN FEDERATION" 59.5 34.7 171 703.00634765625 72.6611633300781 748.044311523438 73.4825057983398
"RUSSIAN FEDERATION" 59.97 30.3 2 633.288879394531 91.8834075927734 703.473327636719 101.736946105957
"RUSSIAN FEDERATION" 60.03 37.78 130 556.9580078125 43.7767868041992 561.426025390625 53.517162322998
"RUSSIAN FEDERATION" 60.08 26.97 6 565.890441894531 86.5158462524414 621.535949707031 83.4811706542969
"RUSSIAN FEDERATION" 60.12 32.32 12 644.168640136719 79.8020095825195 704.707885742188 91.5666885375977
"RUSSIAN FEDERATION" 60.47 32.9 7 690.047607421875 81.7273025512695 742.239624023438 91.7611923217773
"RUSSIAN FEDERATION" 60.6 36.82 144 656.965393066406 61.7319259643555 669.190124511719 66.8510131835938
"RUSSIAN FEDERATION" 60.72 28.8 14 654.64990234375 99.3282089233398 721.904907226562 102.904457092285
"RUSSIAN FEDERATION" 60.98 32.95 11 681.499084472656 84.0050735473633 732.056823730469 92.424201965332
"RUSSIAN FEDERATION" 61.02 36.45 56 673.305236816406 62.3443489074707 692.128479003906 65.8659362792969
"RUSSIAN FEDERATION" 61.5 38.93 124 643.070129394531 43.2124214172363 636.732360839844 46.9436416625977
"RUSSIAN FEDERATION" 61.7 30.7 18 602.723205566406 86.6356887817383 660.818115234375 85.7653656005859
"RUSSIAN FEDERATION" 61.72 30.72 19 607.347412109375 87.6840744018555 666.700317382812 85.7688903808594
"RUSSIAN FEDERATION" 61.8 36.55 61 688.865966796875 62.1453094482422 703.137268066406 55.641529083252
"RUSSIAN FEDERATION" 61.82 34.27 110 599.969055175781 71.5239105224609 635.883483886719 69.083854675293
"RUSSIAN FEDERATION" 62.18 30.68 98 659.090759277344 92.6110000610352 712.948608398438 88.0950698852539
"RUSSIAN FEDERATION" 62.97 35.75 139 665.224060058594 61.5926742553711 685.702392578125 60.0856399536133
"RUSSIAN FEDERATION" 63.27 33.42 130 564.788513183594 75.0328598022461 601.264892578125 65.1418075561523
"RUSSIAN FEDERATION" 63.82 30.82 180 611.096435546875 76.6447601318359 662.587341308594 67.6733245849609
"RUSSIAN FEDERATION" 63.83 30.82 182 611.096435546875 76.6447601318359 662.587341308594 67.6733245849609
"RUSSIAN FEDERATION" 63.9 38.12 12 581.790832519531 54.0589866638184 621.411682128906 61.3763008117676
"RUSSIAN FEDERATION" 64.08 32.78 160 567.466918945312 68.3274993896484 608.473510742188 67.4330062866211
"RUSSIAN FEDERATION" 65.2 31.17 118 541.265869140625 54.6139373779297 591.52880859375 58.0351371765137
"RUSSIAN FEDERATION" 66.67 34.33 39 503.520355224609 54.6164474487305 536.25146484375 49.7104988098145
"RUSSIAN FEDERATION" 66.68 32.9 30 515.912048339844 58.1129875183105 558.254150390625 52.6586761474609
"RUSSIAN FEDERATION" 67.37 37.03 155 519.572021484375 54.6403770446777 548.514038085938 47.4570579528809
"RUSSIAN FEDERATION" 67.68 33.25 130 578.533081054688 66.4435577392578 630.286315917969 51.1662101745605
"RUSSIAN FEDERATION" 68.08 34.8 161 484.286468505859 58.4485244750977 529.066040039062 42.0123825073242
"RUSSIAN FEDERATION" 68.88 33.02 7 456.810729980469 56.2783012390137 513.851440429688 37.9661254882812
"RUSSIAN FEDERATION" 68.96 33.05 46 477.006896972656 58.3394241333008 538.117919921875 39.5072326660156
"RUSSIAN FEDERATION" 68.97 33.05 51 477.006896972656 58.3394241333008 538.117919921875 39.5072326660156
"RUSSIAN FEDERATION" 69.2 35.1 29 486.228942871094 57.8986587524414 532.275268554688 39.6193771362305
"SERBIA" 43.7 20.7 217 805.940185546875 57.3879203796387 804.423034667969 156.924774169922
"SERBIA" 43.93 21.38 125 690.3115234375 63.2839965820312 696.846557617188 133.240707397461
"SERBIA" 44.12 21.95 1039 758.50732421875 86.6109161376953 772.991943359375 140.545013427734
"SERBIA" 44.23 22.55 44 639.138916015625 76.868408203125 648.564758300781 104.399559020996
"SERBIA" 44.75 21.52 84 725.8037109375 84.3125228881836 718.437133789062 140.160675048828
"SERBIA" 45 19.6 81 711.660583496094 64.4100494384766 700.911926269531 157.085662841797
"SERBIA" 45.4 20.4 80 629.701477050781 65.5957183837891 617.1240234375 131.947998046875
"SERBIA" 45.77 19.15 89 645.213256835938 63.3036499023438 633.863037109375 136.60400390625
"SERBIA" 46.1 19.77 105 595.345520019531 71.4374160766602 581.884704589844 127.731719970703
"SLOVAKIA" 48.2 17.2 132 700.320373535156 97.6401977539062 717.507568359375 130.632278442383
"SLOVAKIA" 48.63 19.15 318 753.054260253906 95.6070404052734 735.840270996094 151.823593139648
"SLOVAKIA" 48.7 21.3 235 641.901123046875 98.6329345703125 649.081909179688 138.950729370117
"SLOVAKIA" 49.066 20.25 695 649.284790039062 86.5555801391602 643.647827148438 129.220352172852
"SLOVAKIA" 49.1 20.3 709 712.919067382812 96.1132507324219 704.829223632812 141.055160522461
"SLOVENIA" 46.066 14.516 316 1493.20886230469 158.552978515625 1524.95849609375 218.262298583984
"SLOVENIA" 46.533 15.65 274 1184.15686035156 122.760864257812 1150.65319824219 169.462875366211
"SPAIN" 35.33 -3 47 454.109680175781 113.484992980957 349.137115478516 86.8377151489258
"SPAIN" 36.5 -6.266 9 651.627014160156 176.361907958984 555.10546875 209.379364013672
"SPAIN" 36.65 -6.35 27 647.932189941406 175.358184814453 554.452331542969 208.265716552734
"SPAIN" 36.75 -6.066 28 699.689758300781 196.299072265625 598.369262695312 224.895538330078
"SPAIN" 36.9 -2.4 21 268.063903808594 61.2782516479492 235.112670898438 65.8118057250977
"SPAIN" 37.18 -3.78 559 487.959930419922 147.100677490234 394.63232421875 136.223037719727
"SPAIN" 37.283 -6.916 20 573.526306152344 143.552810668945 504.832397460938 177.371398925781
"SPAIN" 37.366 -6 8 665.167846679688 190.059417724609 562.241149902344 200.834899902344
"SPAIN" 37.4 -6 13 670.129089355469 189.942047119141 564.573913574219 201.203857421875
"SPAIN" 37.783 -3.8 580 590.739929199219 170.162368774414 485.379425048828 160.56282043457
"SPAIN" 37.85 -4.85 92 685.974975585938 202.984100341797 564.795532226562 191.89973449707
"SPAIN" 38 -1.166 62 298.813018798828 71.705924987793 280.730529785156 66.4308471679688
"SPAIN" 38.366 -0.5 82 314.880310058594 62.7550926208496 301.066192626953 67.3646545410156
"SPAIN" 38.833 0.116 15 327.529907226562 73.2795562744141 323.870361328125 67.8005218505859
"SPAIN" 38.87 1.38 12 431.373229980469 90.4513854980469 411.366851806641 64.898063659668
"SPAIN" 38.883 -6.966 195 628.039489746094 130.389617919922 584.957763671875 178.282409667969
"SPAIN" 38.983 -3.916 629 455.694366455078 126.568031311035 393.201354980469 114.522079467773
"SPAIN" 39.466 -6.333 405 569.089477539062 125.226333618164 526.7451171875 147.673110961914
"SPAIN" 39.483 -0.383 11 452.968200683594 103.551315307617 426.413909912109 83.389518737793
"SPAIN" 39.5 -0.4 11 452.968200683594 103.551315307617 426.413909912109 83.389518737793
"SPAIN" 39.5 -0.466 62 441.229064941406 100.33837890625 415.864654541016 81.2827606201172
"SPAIN" 39.6 2.6 17 504.105224609375 117.518577575684 485.926086425781 60.2533264160156
"SPAIN" 39.9 3.1 7 794.504638671875 188.529998779297 781.838012695312 80.5905838012695
"SPAIN" 39.95 -0.066 35 456.27685546875 119.817718505859 420.840026855469 79.9225692749023
"SPAIN" 40.35 -1.116 902 365.114349365234 89.1923980712891 365.622161865234 63.3139572143555
"SPAIN" 40.416 -3.683 667 439.040313720703 108.485595703125 405.070922851562 99.3381881713867
"SPAIN" 40.7 0.6 8 562.945861816406 150.983688354492 524.679931640625 91.3145751953125
"SPAIN" 40.883 -1.3 902 406.119049072266 91.7808151245117 408.695556640625 68.7222595214844
"SPAIN" 40.9 0.8 19 608.521240234375 160.674896240234 574.370361328125 100.168174743652
"SPAIN" 40.95 -4.116 1006 473.106109619141 113.034629821777 458.565063476562 106.111480712891
"SPAIN" 40.95 -5.5 795 411.976135253906 92.2237014770508 406.482849121094 93.5111541748047
"SPAIN" 41 -5.7 814 583.921752929688 129.98274230957 575.241943359375 140.937164306641
"SPAIN" 41.3 1.9 399 725.829650878906 151.961029052734 700.623596191406 122.047286987305
"SPAIN" 41.3 2.1 6 673.337036132812 144.324203491211 635.714416503906 120.561470031738
"SPAIN" 41.4 2.2 95 665.106994628906 142.238510131836 624.432556152344 121.377265930176
"SPAIN" 41.5 -5.75 660 669.700866699219 152.097946166992 655.866882324219 157.238616943359
"SPAIN" 41.5 2.3 90 640.769104003906 135.241912841797 594.917114257812 119.346725463867
"SPAIN" 41.6 2.2 203 708.065551757812 152.486404418945 663.659118652344 129.796295166016
"SPAIN" 41.683 -1.066 262 350.756195068359 63.4509391784668 352.893646240234 55.1697883605957
"SPAIN" 41.7 2.5 155 868.194763183594 190.269973754883 792.309814453125 167.818054199219
"SPAIN" 41.8 2.1 717 824.259643554688 164.446105957031 768.7919921875 154.126556396484
"SPAIN" 41.9 2.766 129 833.810119628906 183.600250244141 748.079895019531 164.840454101562
"SPAIN" 41.9 3 10 740.530822753906 170.804489135742 656.18603515625 144.073471069336
"SPAIN" 42 2.8 94 783.117370605469 175.028305053711 698.2783203125 152.586532592773
"SPAIN" 42.333 -3.7 854 508.634918212891 72.9542922973633 487.863433837891 86.6339416503906
"SPAIN" 42.4 -3.7 891 533.400146484375 73.3686065673828 511.791290283203 89.441276550293
"SPAIN" 42.466 -2.383 369 436.556121826172 53.1228523254395 436.170379638672 70.771354675293
"SPAIN" 42.5 0.8 820 1274.28503417969 179.642288208008 1156.52221679688 196.961502075195
"SPAIN" 42.53 -6.58 555 964.638122558594 192.042602539062 925.844787597656 195.397262573242
"SPAIN" 42.766 -1.633 432 834.565124511719 104.314590454102 824.802124023438 139.206573486328
"SPAIN" 42.816 -1.633 400 877.734924316406 108.505210876465 865.428161621094 146.062133789062
"SPAIN" 42.883 -9.266 146 859.864868164062 166.974517822266 832.040649414062 177.117172241211
"SPAIN" 42.9 -8.433 367 1845.48986816406 360.178558349609 1789.35339355469 383.507843017578
"SPAIN" 43.533 -5.633 10 975.687866210938 123.089530944824 940.165649414062 171.020874023438
"SWEDEN" 55.55 13.36 106 723.813049316406 84.8631134033203 761.014343261719 107.941589355469
"SWEDEN" 55.7 13.2 73 622.25927734375 70.2068252563477 655.758483886719 95.6354141235352
"SWEDEN" 56.2 14.9 7 588.177978515625 68.6927871704102 630.531799316406 81.7157745361328
"SWEDEN" 56.68 12.83 30 777.539123535156 80.5217742919922 856.841491699219 116.89803314209
"SWEDEN" 56.683 12.833 30 777.539123535156 80.5217742919922 856.841491699219 116.89803314209
"SWEDEN" 56.78 13.13 185 1142.77282714844 117.133880615234 1273.49011230469 164.296142578125
"SWEDEN" 57.38 16.08 130 559.817565917969 69.5018768310547 610.515075683594 87.0300064086914
"SWEDEN" 57.6 12 31 783.111511230469 82.0641937255859 881.054260253906 113.508209228516
"SWEDEN" 57.66 12.3 169 903.291687011719 92.779296875 1016.89392089844 127.970672607422
"SWEDEN" 57.666 18.333 42 498.960296630859 66.2375335693359 514.900817871094 74.5572662353516
"SWEDEN" 57.7 11.983 4 791.94091796875 83.9588851928711 889.090270996094 113.978652954102
"SWEDEN" 57.7 12 5 801.045593261719 84.2952499389648 900.291442871094 115.475044250488
"SWEDEN" 57.766 11.883 20 775.102294921875 84.3660888671875 867.729858398438 111.120559692383
"SWEDEN" 57.766 14.083 226 672.196960449219 59.1111221313477 737.391906738281 89.5431671142578
"SWEDEN" 57.766 14.183 98 631.382690429688 56.7623176574707 691.1640625 85.2074279785156
"SWEDEN" 57.77 12.93 135 963.441162109375 98.8788452148438 1078.16052246094 127.90454864502
"SWEDEN" 58.38 13.25 120 571.179809570312 53.4740600585938 627.216247558594 83.7668914794922
"SWEDEN" 58.4 13.4 117 581.93115234375 54.7469444274902 638.789428710938 83.9797744750977
"SWEDEN" 58.73 16.55 25 596.375122070312 74.9213790893555 606.900085449219 88.6726226806641
"SWEDEN" 58.75 17.06 8 516.80712890625 65.5814590454102 523.865661621094 77.1371307373047
"SWEDEN" 58.8 17 47 560.030334472656 71.2924346923828 567.5419921875 83.9689788818359
"SWEDEN" 58.93 11.43 100 850.259155273438 97.3089752197266 916.306945800781 125.559906005859
"SWEDEN" 59 14.8 175 724.597351074219 68.4817962646484 751.489624023438 104.425476074219
"SWEDEN" 59.23 15.05 60 684.518615722656 65.3700180053711 694.654724121094 98.2624664306641
"SWEDEN" 59.233 15.05 60 684.518615722656 65.3700180053711 694.654724121094 98.2624664306641
"SWEDEN" 59.3 15.2 33 676.550537109375 64.7067718505859 685.436828613281 99.2896575927734
"SWEDEN" 59.35 13.466 46 637.147888183594 64.8221054077148 665.075317382812 96.7350997924805
"SWEDEN" 59.566 18.05 52 547.369812011719 72.5374298095703 546.294372558594 81.8718719482422
"SWEDEN" 59.7 16.07 60 656.056457519531 77.0240707397461 658.378112792969 99.9870223999023
"SWEDEN" 59.9 17.6 15 550.470703125 68.7927856445312 547.740478515625 84.2445526123047
"SWEDEN" 60.07 14.98 315 753.473266601562 74.7309417724609 764.4697265625 119.811317443848
"SWEDEN" 60.616 15.616 160 595.664855957031 64.7756958007812 598.327331542969 96.967414855957
"SWEDEN" 60.7 13.68 308 720.441223144531 70.1670303344727 723.8095703125 115.024856567383
"SWEDEN" 62.02 14.35 360 553.236511230469 61.6563377380371 556.668823242188 66.7653121948242
"SWEDEN" 62.38 17.28 60 690.607666015625 88.2387161254883 696.368225097656 67.820198059082
"SWEDEN" 62.53 17.45 6 544.390686035156 65.8356399536133 551.452819824219 54.1740570068359
"SWEDEN" 62.533 17.45 4 544.390686035156 65.8356399536133 551.452819824219 54.1740570068359
"SWEDEN" 62.616 17.933 8 664.193908691406 83.6836395263672 670.494323730469 65.9411239624023
"SWEDEN" 62.77 15.48 430 598.915344238281 71.3211669921875 608.550415039062 58.1776924133301
"SWEDEN" 63.166 14.666 345 504.742523193359 57.4948539733887 514.274169921875 46.8092803955078
"SWEDEN" 63.68 16.87 210 547.9228515625 62.4655685424805 571.261291503906 36.5340614318848
"SWEDEN" 64.37 21.32 21 578.557678222656 72.1736450195312 630.22119140625 74.2208099365234
"SWEDEN" 65 17.7 283 513.704345703125 57.6955757141113 584.586303710938 41.0787010192871
"SWEDEN" 65.55 22.13 26 456.872009277344 51.9971733093262 524.125427246094 79.7002410888672
"SWEDEN" 66.616 19.633 260 474.889831542969 46.8560981750488 535.318786621094 47.986213684082
"SWEDEN" 66.92 18.53 300 499.435302734375 47.7449073791504 556.613891601562 47.8016128540039
"SWEDEN" 66.95 17.73 337 581.378845214844 57.5021514892578 649.114440917969 60.5398826599121
"SWEDEN" 67.82 20.33 442 463.480102539062 45.208683013916 523.278686523438 30.4733734130859
"SWEDEN" 68.35 18.82 388 314.647491455078 36.0580024719238 351.345458984375 30.3576793670654
"SWITZERLAND" 46 9 276 1251.94384765625 159.538925170898 1269.84411621094 145.589767456055
"SWITZERLAND" 46.8 7 491 993.824951171875 159.34049987793 965.624755859375 125.090484619141
"SWITZERLAND" 47 6.95 487 916.042358398438 145.319427490234 888.023315429688 116.426002502441
"SWITZERLAND" 47.25 9.35 2490 2046.07434082031 295.523529052734 1933.1162109375 190.820907592773
"SYRIA" 35.6 36.183 1100 1445.54333496094 256.516845703125 1279.73449707031 345.546844482422
"SYRIA" 35.6 36.25 500 842.825500488281 154.422470092773 748.718627929688 219.184631347656
"SYRIA" 35.635 36.655 496 560.872802734375 114.18433380127 497.905242919922 142.911758422852
"SYRIA" 35.816 36.316 200 854.254272460938 164.073654174805 770.657836914062 225.68147277832
"SYRIA" 36.08 36.48 250 801.242309570312 159.316192626953 732.839294433594 205.023406982422
"SYRIA" 36.583 37.05 555 527.037292480469 108.865287780762 483.6953125 141.994186401367
"TUNISIA" 35.55 8.68 1092 445.442504882812 102.35375213623 423.140441894531 59.8061027526855
"TUNISIA" 36.255 8.685 665 487.65234375 77.3595962524414 475.745483398438 57.8484992980957
"TUNISIA" 36.52 9.085 365 571.1259765625 93.0874099731445 565.225769042969 63.8517189025879
"TUNISIA" 36.73 9.18 159 642.854248046875 104.709396362305 641.861633300781 74.0058746337891
"TUNISIA" 36.766 10.183 66 452.717590332031 81.2867431640625 471.905609130859 57.3893127441406
"TURKEY" 36.25 36.11 100 1126.72436523438 218.524505615234 1067.71142578125 270.319427490234
"TURKEY" 36.55 32.016 7 1086.95593261719 186.497406005859 1012.47772216797 171.405563354492
"TURKEY" 36.61 29.1 3 1075.28430175781 219.374649047852 935.409851074219 138.78401184082
"TURKEY" 36.7 33.4 275 778.092590332031 138.228042602539 777.358642578125 149.204864501953
"TURKEY" 36.82 34.6 3 750.830871582031 172.495315551758 760.825622558594 174.103927612305
"TURKEY" 36.88 36.16 28 918.676513671875 171.258148193359 914.869873046875 193.72477722168
"TURKEY" 36.9 28.3 3 1156.04174804688 220.950973510742 1061.10827636719 151.200836181641
"TURKEY" 37.033 37.96 347 444.479705810547 108.013572692871 393.234161376953 111.203590393066
"TURKEY" 37.04 36.59 514 874.553344726562 163.015106201172 849.030639648438 217.348526000977
"TURKEY" 37.3 35.1 400 912.34521484375 174.041397094727 942.015991210938 184.899429321289
"TURKEY" 37.5 34.1 1044 445.767700195312 72.5330657958984 469.171752929688 70.0961990356445
"TURKEY" 37.75 39.316 801 620.184326171875 170.375289916992 528.412902832031 131.226684570312
"TURKEY" 37.96 34.68 1208 356.442840576172 59.8436470031738 393.097747802734 52.9369621276855
"TURKEY" 38 27.4 17 833.083129882812 152.401184082031 802.349609375 96.3866271972656
"TURKEY" 38.2 28 118 743.723388671875 127.076850891113 702.730041503906 91.5054779052734
"TURKEY" 38.3 31.9 1030 454.667541503906 55.0338249206543 466.662811279297 48.919059753418
"TURKEY" 38.46 27.25 27 825.145385742188 162.037826538086 805.392272949219 97.7661056518555
"TURKEY" 38.5 35.8 1400 426.981658935547 61.2447929382324 467.475616455078 69.4873580932617
"TURKEY" 38.6 27.1 10 783.641967773438 153.93669128418 764.192932128906 92.0549774169922
"TURKEY" 38.666 32.95 969 639.455871582031 96.2524948120117 653.169555664062 100.818695068359
"TURKEY" 38.67 29.42 919 725.31396484375 93.880485534668 692.472473144531 79.3383255004883
"TURKEY" 38.69 27.43 41 801.354187011719 157.834167480469 781.851501464844 97.2180404663086
"TURKEY" 38.7 35.5 1068 383.692474365234 56.2702217102051 420.397674560547 56.864387512207
"TURKEY" 39 31.2 700 473.48828125 72.2216949462891 485.403198242188 53.0864715576172
"TURKEY" 39.1 29 830 951.818481445312 96.3150787353516 878.920166015625 125.961433410645
"TURKEY" 39.1 29.4 825 819.978881835938 81.1575469970703 773.483093261719 103.331832885742
"TURKEY" 39.1 39.2 1520 936.013732910156 196.401763916016 822.120483398438 143.243637084961
"TURKEY" 39.1 39.53 979 954.240295410156 194.044204711914 813.917236328125 142.295196533203
"TURKEY" 39.2 35.3 1017 397.053680419922 51.2583465576172 435.753875732422 58.3397216796875
"TURKEY" 39.4 32.5 1225 439.3916015625 63.463493347168 453.922149658203 63.9063262939453
"TURKEY" 39.45 31.35 96 461.923034667969 64.2201385498047 471.167114257812 53.8442764282227
"TURKEY" 39.6 29.5 360 765.9619140625 72.7227172851562 735.63037109375 102.449821472168
"TURKEY" 39.64 27.86 103 781.905639648438 86.478157043457 765.907958984375 84.4389724731445
"TURKEY" 39.75 37.02 1285 441.867584228516 59.2332725524902 468.288391113281 56.5482368469238
"TURKEY" 39.78 30.565 785 476.543701171875 56.3569183349609 480.673919677734 59.7326583862305
"TURKEY" 39.8 30.6 783 468.179138183594 56.17333984375 472.239044189453 58.5926094055176
"TURKEY" 39.82 34.32 1320 422.415710449219 35.7692031860352 453.222290039062 68.9216079711914
"TURKEY" 39.83 34.82 1298 554.033508300781 49.4983863830566 585.505310058594 89.2977066040039
"TURKEY" 39.93 32.85 860 426.312622070312 57.8904876708984 438.162841796875 63.3666038513184
"TURKEY" 39.95 32.68 806 424.532409667969 59.4170265197754 430.189331054688 63.0477485656738
"TURKEY" 39.95 32.88 891 431.655364990234 57.5652198791504 443.607116699219 64.7577056884766
"TURKEY" 40 32.6 799 438.967590332031 60.7756080627441 442.568725585938 65.8805694580078
"TURKEY" 40 32.9 877 439.021820068359 58.7560768127441 449.944946289062 66.5448455810547
"TURKEY" 40.1 29.1 1750 897.081176757812 88.7697143554688 877.317626953125 113.119262695312
"TURKEY" 40.101 29.101 1620 897.081176757812 88.7697143554688 877.317626953125 113.119262695312
"TURKEY" 40.15 29.96 526 528.274353027344 65.7682113647461 538.496337890625 69.2169876098633
"TURKEY" 40.16 31.93 682 472.168518066406 63.7356147766113 469.668487548828 76.4207916259766
"TURKEY" 40.2 25.9 72 815.489196777344 108.075508117676 785.2255859375 95.6752777099609
"TURKEY" 40.3 35.9 700 445.187194824219 43.7186317443848 483.634399414062 63.0204658508301
"TURKEY" 40.3 38.4 1300 581.1845703125 70.321174621582 607.408935546875 73.6947021484375
"TURKEY" 40.32 27.97 49 814.742004394531 91.8411331176758 806.379760742188 85.8882675170898
"TURKEY" 40.45 39.45 1219 574.809814453125 77.0274429321289 585.090942382812 76.2795257568359
"TURKEY" 40.46 37.76 1050 605.21826171875 74.3609313964844 639.588562011719 81.4538497924805
"TURKEY" 40.5 30.3 100 655.671936035156 86.7613220214844 665.242553710938 91.104850769043
"TURKEY" 40.65 35.85 412 462.955444335938 44.1056747436523 500.052001953125 65.0229644775391
"TURKEY" 40.666 29.833 16 721.426452636719 109.738098144531 732.442565917969 91.5565719604492
"TURKEY" 40.78 30.42 30 842.206115722656 122.838020324707 866.293823242188 123.302696228027
"TURKEY" 41.14 27.79 176 662.530944824219 80.0248489379883 683.452819824219 86.4001007080078
"TURKEY" 41.16 29.59 25 868.895385742188 119.189956665039 909.92236328125 114.738655090332
"TURKEY" 41.2 32.3 1210 732.9501953125 75.1250534057617 764.110961914062 121.29704284668
"TURKEY" 41.201 29.101 130 773.777893066406 102.07381439209 819.689514160156 100.563598632812
"TURKEY" 41.4 27.2 70 685.847106933594 96.2882614135742 724.597961425781 96.8790893554688
"TURKEY" 41.4 27.4 46 676.248962402344 93.8306045532227 711.472045898438 93.9572601318359
"TURKEY" 41.45 31.8 136 1145.04553222656 167.786422729492 1200.50122070312 201.226058959961
"TURKEY" 41.6 32.3 30 884.896667480469 116.421257019043 930.745666503906 143.519165039062
"UKRAINE" 44.683 34.133 181 677.213745117188 71.2320022583008 646.206176757812 119.55052947998
"UKRAINE" 45.03 35.38 26 480.62060546875 46.1964645385742 460.186462402344 79.8953857421875
"UKRAINE" 45.35 36.48 2 424.351654052734 50.6494331359863 414.429779052734 67.6806335449219
"UKRAINE" 45.37 28.85 30 496.911010742188 69.9955825805664 499.437713623047 71.2568664550781
"UKRAINE" 45.37 28.87 29 496.911010742188 69.9955825805664 499.437713623047 71.2568664550781
"UKRAINE" 45.37 36.43 32 420.493927001953 50.0888862609863 410.526123046875 67.108642578125
"UKRAINE" 45.483 34.166 72 584.806518554688 65.1250915527344 546.673156738281 114.52668762207
"UKRAINE" 45.52 32.7 3 429.248626708984 52.3744812011719 405.019195556641 78.5358810424805
"UKRAINE" 45.7 34.4 8 452.205749511719 49.0627365112305 430.217956542969 83.4123611450195
"UKRAINE" 46.43 30.77 42 497.515625 69.5744323730469 463.137329101562 74.2669067382812
"UKRAINE" 46.433 30.633 35 505.546966552734 69.9424667358398 473.399383544922 73.8366317749023
"UKRAINE" 46.483 30.633 64 514.014770507812 71.1946029663086 480.073181152344 74.5059661865234
"UKRAINE" 46.633 32.566 54 460.482299804688 63.2312507629395 433.877410888672 86.4441986083984
"UKRAINE" 46.85 30.083 148 554.097534179688 73.5954055786133 521.862060546875 71.3638229370117
"UKRAINE" 46.97 31.97 52 462.619903564453 67.6432113647461 434.893585205078 80.4926986694336
"UKRAINE" 47.333 36.333 221 563.796264648438 77.1065673828125 554.119201660156 82.3747787475586
"UKRAINE" 47.583 34.4 56 480.905334472656 66.8112030029297 458.410980224609 85.5373229980469
"UKRAINE" 47.8 35.016 112 519.307800292969 80.9106750488281 498.443542480469 91.7053833007812
"UKRAINE" 47.85 30.266 182 602.448547363281 89.3595886230469 546.354797363281 72.9450759887695
"UKRAINE" 48.05 30.85 103 591.38525390625 93.7518920898438 526.489807128906 76.3689880371094
"UKRAINE" 48.066 37.766 225 538.667053222656 64.3332824707031 544.527221679688 71.8511047363281
"UKRAINE" 48.07 32.15 142 540.250244140625 81.3250350952148 510.117767333984 75.4734039306641
"UKRAINE" 48.1 30.9 103 593.622863769531 94.2646026611328 528.669677734375 76.1081390380859
"UKRAINE" 48.27 25.97 239 629.173156738281 68.5227203369141 588.073303222656 95.9994201660156
"UKRAINE" 48.35 38.43 334 566.522705078125 70.2298889160156 577.240478515625 71.3146057128906
"UKRAINE" 48.37 25.9 246 632.778137207031 66.3120803833008 590.763793945312 96.5909805297852
"UKRAINE" 48.37 35.08 141 523.165405273438 77.7351913452148 514.592529296875 85.9123916625977
"UKRAINE" 48.433 33.9 119 520.278137207031 80.0387725830078 500.992065429688 75.0504531860352
"UKRAINE" 48.48 32.25 171 529.769836425781 83.1907501220703 499.086761474609 61.065315246582
"UKRAINE" 48.483 32.25 148 529.769836425781 83.1907501220703 499.086761474609 61.065315246582
"UKRAINE" 48.516 32.2 171 541.431213378906 86.4970016479492 507.715148925781 60.6370964050293
"UKRAINE" 48.6 39.27 62 499.460693359375 59.3280448913574 507.852996826172 61.2270317077637
"UKRAINE" 48.63 22.27 124 820.509704589844 112.417213439941 804.410034179688 157.967895507812
"UKRAINE" 48.716 32.666 181 583.999938964844 93.2805480957031 545.303894042969 66.0326461791992
"UKRAINE" 48.8 37.6 62 499.686492919922 63.6709136962891 509.320495605469 58.6034202575684
"UKRAINE" 48.966 24.7 276 739.996337890625 73.4995269775391 682.242919921875 118.23900604248
"UKRAINE" 49.02 28.13 334 656.548706054688 94.8673629760742 593.352111816406 96.2766265869141
"UKRAINE" 49.22 39.58 65 508.444213867188 66.056266784668 514.608032226562 52.3385810852051
"UKRAINE" 49.23 28.6 298 648.306213378906 97.5672760009766 583.738891601562 87.9196701049805
"UKRAINE" 49.233 28.46 287 650.578552246094 96.8225479125977 586.728515625 89.9740600585938
"UKRAINE" 49.233 28.6 298 648.306213378906 97.5672760009766 583.738891601562 87.9196701049805
"UKRAINE" 49.41 32.03 94 593.160705566406 91.7787780761719 540.370300292969 56.6574096679688
"UKRAINE" 49.433 26.983 350 683.835388183594 84.494743347168 620.718383789062 102.358474731445
"UKRAINE" 49.57 25.6 334 673.551025390625 72.6203689575195 617.531677246094 104.923080444336
"UKRAINE" 49.68 32.03 97 593.816101074219 90.2534561157227 540.412780761719 56.6414413452148
"UKRAINE" 49.7 39.03 68 504.267578125 61.548999786377 520.388671875 55.9449920654297
"UKRAINE" 49.82 23.95 323 765.567565917969 97.2242431640625 707.676635742188 118.598793029785
"UKRAINE" 49.93 36.28 147 542.624572753906 77.2751922607422 565.624694824219 74.7055053710938
"UKRAINE" 49.933 36.283 152 542.624572753906 77.2751922607422 565.624694824219 74.7055053710938
"UKRAINE" 49.97 33.62 97 575.5322265625 97.2530670166016 548.940856933594 70.4486846923828
"UKRAINE" 49.97 36.13 155 546.844665527344 80.5217056274414 568.345275878906 76.3726348876953
"UKRAINE" 50 33.02 158 609.93017578125 97.2237319946289 575.3154296875 69.5258331298828
"UKRAINE" 50.17 27.05 277 700.612548828125 93.6726913452148 655.024108886719 106.801406860352
"UKRAINE" 50.22 31.8 125 586.540649414062 89.7944030761719 531.513122558594 54.9411201477051
"UKRAINE" 50.27 28.63 219 634.241760253906 102.243858337402 583.045776367188 83.9449768066406
"UKRAINE" 50.7 25.5 232 618.901794433594 73.2396621704102 592.150024414062 88.0183486938477
"UKRAINE" 50.88 34.78 177 596.87158203125 91.5406188964844 596.743591308594 74.9861602783203
"UKRAINE" 51.216 24.683 176 621.187683105469 71.9856719970703 612.061218261719 86.8801040649414
"UKRAINE" 51.283 26.616 153 626.688842773438 77.989616394043 622.884704589844 96.8381805419922
"UKRAINE" 51.316 28.783 171 674.109558105469 102.217872619629 635.551025390625 94.692626953125
"UNITED KINGDOM" 50.65 -1.15 4 815.212829589844 90.7000274658203 840.361145019531 119.67253112793
"UNITED KINGDOM" 51 -2.633 18 729.864135742188 93.4666061401367 771.341979980469 110.745933532715
"UNITED KINGDOM" 51.17 -1.75 124 715.423706054688 88.8971710205078 747.661193847656 110.446563720703
"UNITED KINGDOM" 51.466 -0.45 25 597.97119140625 74.0820770263672 619.826171875 94.3796005249023
"UNITED KINGDOM" 51.7 -0.3 128 655.322937011719 82.3395919799805 690.116088867188 104.532081604004
"UNITED KINGDOM" 51.78 -0.78 96 692.702819824219 89.0664672851562 722.270568847656 111.858695983887
"UNITED KINGDOM" 51.883 -0.366 158 693.017822265625 83.2541580200195 731.266967773438 112.468948364258
"UNITED KINGDOM" 51.9 -2.08 65 754.775451660156 109.553382873535 804.063720703125 124.983055114746
"UNITED KINGDOM" 52.02 -0.42 59 623.276733398438 73.4903945922852 654.503234863281 102.271461486816
"UNITED KINGDOM" 52.08 1.4 29 627.875549316406 73.6576156616211 644.983154296875 70.5341873168945
"UNITED KINGDOM" 52.22 -2.97 155 855.276428222656 118.847267150879 900.447387695312 134.263092041016
"UNITED KINGDOM" 52.35 -3.82 301 1704.79504394531 211.778991699219 1832.40185546875 256.174865722656
"UNITED KINGDOM" 52.37 -0.22 49 564.978271484375 67.5059204101562 595.764343261719 91.4947967529297
"UNITED KINGDOM" 52.7 -2.3 113 801.733642578125 117.877647399902 820.512512207031 128.741500854492
"UNITED KINGDOM" 52.75 -3.466 303 1313.82678222656 178.239944458008 1391.45666503906 189.33381652832
"UNITED KINGDOM" 53.35 -2.266 69 844.544006347656 108.215110778809 873.707336425781 119.808929443359
"UNITED KINGDOM" 54.1 -0.63 175 717.251037597656 125.998550415039 752.356262207031 92.8618545532227
"UNITED KINGDOM" 54.3 -1.5 40 636.650329589844 100.686363220215 666.282958984375 79.71728515625
"UNITED KINGDOM" 55.07 -3.6 49 968.600524902344 88.1798095703125 1062.70886230469 100.817848205566
"UNITED KINGDOM" 55.316 -3.2 242 1563.02880859375 144.1689453125 1684.64636230469 150.968521118164
"UNITED KINGDOM" 55.85 -4.43 32 1038.26110839844 86.5554275512695 1152.37915039062 95.3359298706055
"UNITED KINGDOM" 56.72 -3.77 94 988.282897949219 72.5907592773438 1099.27587890625 101.435234069824
"UNITED KINGDOM" 57.13 -4.68 21 1346.66247558594 138.481399536133 1514.41540527344 134.228942871094
"UNITED KINGDOM" 57.4 -6.2 20 1611.63037109375 177.926849365234 1819.15759277344 160.617980957031
"UNITED KINGDOM" 57.5 -4.2 4 858.007873535156 74.6785125732422 931.943664550781 85.6945724487305
"UNITED KINGDOM" 60.133 -1.183 82 1175.45739746094 118.878067016602 1231.15344238281 129.724075317383
